my-m/sec
0
0
0
0
0
0.6861
0.6861
0.6861
0.6861
0.6861
0.6861
0.6861
0.6861
0.6861
0.6861
0.196
0.196
0.196
0.196
0.196
0.196
0.196
0.196
0.196
0.196
0.308
0.308
0.308
0.308
0.308
0.308
0.308
0.308
0.308
0.308
0.476
0.476
0.476
0.476
0.476
0.476
0.476
0.476
0.476
0.476
1.8335
1.8335
1.8335
1.8335
1.8335
1.8335
1.8335
1.8335
1.8335
1.8335
0.5
0.5
0.5
0.5
0.5
0.5
0.5
0.5
0.5
0.5
0.75
0.75
0.75
0.75
0.75
0.75
0.75
0.75
0.75
0.75
1.3332
1.3332
1.3332
1.3332
1.3332
1.3332
1.3332
1.3332
1.3332
1.3332
0.3668
0.3668
0.3668
0.3668
0.3668
0.3668
0.3668
0.3668
0.3668
0.3668
0.167
0.167
0.167
0.167
0.167
0.167
0.167
0.167
0.167
0.167
0.517
0.517
0.517
0.517
0.517
0.517
0.517
0.517
0.517
0.517
0.5333
0.5333
0.5333
0.5333
0.5333
0.5333
0.5333
0
0
0
0
0
0
0
0
0
0
0
0
